3323
4048; 0.008218
4038; 0.00444
4048; 0.004357
3783; 0.003741
4043; 0.0025
4048; 0.00243
4027; 0.002486
3933; 0.002442
3793; 0.002422
4048; 0.002529

3980.9 AVG ROUTE
0.0035565 AVG TIME
657.9 DIFF
0.197984
=========
6859
8797; 0.004837
8444; 0.004826
8659; 0.004818
8710; 0.003223
8365; 0.002717
8670; 0.002663
9198; 0.002639
8685; 0.002711
8874; 0.002679
7742; 0.002636

8614.4 AVG ROUTE
0.0033749 AVG TIME
1755.4 DIFF
0.255927
=========
2085
2187; 0.00447
2187; 0.003274
2187; 0.002854
2187; 0.002845
2187; 0.00283
2187; 0.003137
2187; 0.003418
2187; 0.003085
2187; 0.002917
2187; 0.00288

2187 AVG ROUTE
0.003171 AVG TIME
102 DIFF
0.0489209
=========
39
58; 0.003184
58; 0.003082
63; 0.003018
60; 0.002999
64; 0.002973
65; 0.003398
60; 0.003059
68; 0.003057
63; 0.003067
58; 0.002953

61.7 AVG ROUTE
0.003079 AVG TIME
22.7 DIFF
0.582051
=========
2707
3098; 0.003751
3098; 0.003624
3098; 0.003566
3098; 0.003964
3098; 0.003701
3098; 0.003699
3098; 0.003537
3098; 0.003595
3098; 0.003706
3098; 0.003698

3098 AVG ROUTE
0.0036841 AVG TIME
391 DIFF
0.14444
=========
7013
10586; 0.004294
10586; 0.004326
10586; 0.004071
10586; 0.003747
10586; 0.003807
10586; 0.003738
10586; 0.003781
10586; 0.003735
10586; 0.00386
10586; 0.003754

10586 AVG ROUTE
0.0039113 AVG TIME
3573 DIFF
0.509482
=========
1272
1553; 0.004375
1553; 0.005587
1553; 0.00674
1553; 0.004983
1553; 0.004623
1553; 0.004461
1553; 0.004569
1553; 0.004151
1553; 0.004178
1553; 0.00414

1553 AVG ROUTE
0.0047807 AVG TIME
281 DIFF
0.220912
=========
937
1050; 0.007765
1050; 0.004762
1050; 0.004543
1050; 0.004517
1050; 0.004529
1050; 0.004486
1050; 0.004555
1050; 0.004504
1050; 0.004562
1050; 0.004498

1050 AVG ROUTE
0.0048721 AVG TIME
113 DIFF
0.120598
=========
2020
2288; 0.0052
2288; 0.007355
2288; 0.007635
2288; 0.005446
2288; 0.005232
2288; 0.005098
2288; 0.005209
2288; 0.005143
2288; 0.005097
2288; 0.005111

2288 AVG ROUTE
0.0056526 AVG TIME
268 DIFF
0.132673
=========
1610
2005; 0.005253
2005; 0.008412
2005; 0.006289
2005; 0.005417
2005; 0.005241
2005; 0.005136
2005; 0.005059
2005; 0.005186
2005; 0.005067
2005; 0.005091

2005 AVG ROUTE
0.0056151 AVG TIME
395 DIFF
0.245342
=========
1286
1683; 0.012092
1683; 0.009358
1683; 0.008991
1683; 0.008443
1683; 0.008356
1683; 0.008338
1683; 0.008312
1683; 0.008285
1683; 0.008461
1683; 0.008346

1683 AVG ROUTE
0.0088982 AVG TIME
397 DIFF
0.308709
=========
1473
1791; 0.01383
1791; 0.009903
1791; 0.009302
1791; 0.009261
1791; 0.009149
1791; 0.009301
1791; 0.009113
1791; 0.009166
1791; 0.009096
1791; 0.009086

1791 AVG ROUTE
0.0097207 AVG TIME
318 DIFF
0.215886
=========
1530
1778; 0.013814
1778; 0.011322
1778; 0.011191
1778; 0.010841
1778; 0.010831
1778; 0.010789
1778; 0.010794
1778; 0.010887
1778; 0.010829
1778; 0.010797

1778 AVG ROUTE
0.0112095 AVG TIME
248 DIFF
0.162092
=========
699
956; 0.013204
956; 0.010681
956; 0.010342
956; 0.010386
956; 0.010243
956; 0.010227
956; 0.010212
956; 0.010223
956; 0.010348
956; 0.010219

956 AVG ROUTE
0.0106085 AVG TIME
257 DIFF
0.367668
=========
1273
1601; 0.01777
1601; 0.011319
1601; 0.010571
1601; 0.010391
1601; 0.010611
1601; 0.01051
1601; 0.010343
1601; 0.012234
1601; 0.01144
1601; 0.010474

1601 AVG ROUTE
0.0115663 AVG TIME
328 DIFF
0.257659
=========
5620
5754; 0.016381
5754; 0.013376
5754; 0.012008
5754; 0.011853
5754; 0.011484
5754; 0.011533
5754; 0.01162
5754; 0.011644
5754; 0.011496
5754; 0.012043

5754 AVG ROUTE
0.0123438 AVG TIME
134 DIFF
0.0238434
=========
1613
2123; 0.013869
2123; 0.014225
2123; 0.015396
2123; 0.015635
2123; 0.013871
2123; 0.013035
2123; 0.01313
2123; 0.013068
2123; 0.013045
2123; 0.013015

2123 AVG ROUTE
0.0138289 AVG TIME
510 DIFF
0.316181
=========
11461
13164; 0.012867
13181; 0.012771
13181; 0.01249
13181; 0.012376
13181; 0.012314
13181; 0.012291
13181; 0.012299
13181; 0.012343
13181; 0.012315
13181; 0.012301

13179.3 AVG ROUTE
0.0124367 AVG TIME
1718.3 DIFF
0.149926
=========
5046
6098; 0.016666
6098; 0.013159
6098; 0.012599
6098; 0.012554
6098; 0.012439
6098; 0.012439
6098; 0.012425
6098; 0.0126
6098; 0.012514
6098; 0.01243

6098 AVG ROUTE
0.0129825 AVG TIME
1052 DIFF
0.208482
=========
10628
12842; 0.017397
12842; 0.012915
12842; 0.012536
12842; 0.012401
12842; 0.012399
12842; 0.012465
12842; 0.012384
12842; 0.012499
12842; 0.012426
12842; 0.012398

12842 AVG ROUTE
0.012982 AVG TIME
2214 DIFF
0.208318
=========
14422
16757; 0.016113
16757; 0.012971
16757; 0.012342
16757; 0.012594
16757; 0.012703
16757; 0.012305
16757; 0.012307
16757; 0.012318
16757; 0.01229
16757; 0.012315

16757 AVG ROUTE
0.0128258 AVG TIME
2335 DIFF
0.161905
=========
1776
2575; 0.022576
2575; 0.012952
2575; 0.012761
2575; 0.012564
2575; 0.012551
2575; 0.012528
2575; 0.012509
2575; 0.012485
2575; 0.012489
2575; 0.012542

2575 AVG ROUTE
0.0135957 AVG TIME
799 DIFF
0.449887
=========
426
512; 0.018116
512; 0.014193
512; 0.013657
512; 0.01353
512; 0.01365
512; 0.013484
512; 0.013502
512; 0.013465
512; 0.013503
512; 0.013492

512 AVG ROUTE
0.0140592 AVG TIME
86 DIFF
0.201878
=========
7542
8962; 0.019287
8962; 0.01414
8962; 0.013679
8962; 0.01356
8962; 0.013575
8962; 0.013521
8962; 0.013632
8962; 0.013586
8962; 0.013543
8962; 0.013557

8962 AVG ROUTE
0.014208 AVG TIME
1420 DIFF
0.188279
=========
6905
9514; 0.018931
9514; 0.014763
9514; 0.014373
9514; 0.014249
9514; 0.014267
9514; 0.014198
9514; 0.01431
9514; 0.01421
9514; 0.014239
9514; 0.014295

9514 AVG ROUTE
0.0147835 AVG TIME
2609 DIFF
0.377842
=========
1608
2023; 0.020069
2023; 0.015463
2023; 0.015004
2023; 0.014869
2023; 0.014928
2023; 0.014872
2023; 0.014927
2023; 0.014912
2023; 0.014857
2023; 0.014835

2023 AVG ROUTE
0.0154736 AVG TIME
415 DIFF
0.258085
=========
25395
30774; 0.020615
30774; 0.016213
30774; 0.015828
30774; 0.015703
30774; 0.0157
30774; 0.015648
30774; 0.015707
30774; 0.015752
30774; 0.015614
30774; 0.015647

30774 AVG ROUTE
0.0162427 AVG TIME
5379 DIFF
0.211813
=========
1839
2416; 0.029051
2416; 0.018408
2416; 0.018063
2416; 0.018092
2416; 0.018065
2384; 0.018026
2416; 0.018048
2416; 0.01805
2416; 0.018305
2416; 0.018039

2412.8 AVG ROUTE
0.0192147 AVG TIME
573.8 DIFF
0.312017
=========
675
783; 0.02368
783; 0.020022
783; 0.020052
783; 0.0197
783; 0.019706
783; 0.019659
783; 0.01975
783; 0.019852
783; 0.019706
783; 0.019708

783 AVG ROUTE
0.0201835 AVG TIME
108 DIFF
0.16
=========
38673
43186; 0.024319
43186; 0.020114
43186; 0.019729
43186; 0.019678
43186; 0.01972
43186; 0.019669
43186; 0.019707
43186; 0.019659
43186; 0.019725
43186; 0.019673

43186 AVG ROUTE
0.0201993 AVG TIME
4513 DIFF
0.116696
=========
1950
2543; 0.024745
2543; 0.021059
2543; 0.02017
2543; 0.020206
2543; 0.020157
2543; 0.02042
2543; 0.020186
2543; 0.020111
2543; 0.020098
2543; 0.020349

2543 AVG ROUTE
0.0207501 AVG TIME
593 DIFF
0.304103
=========
108159
153442; 0.029637
153442; 0.022332
153442; 0.021834
153442; 0.022031
153442; 0.02185
153442; 0.021827
153442; 0.021904
153442; 0.021887
153442; 0.021862
153442; 0.021987

153442 AVG ROUTE
0.0227151 AVG TIME
45283 DIFF
0.418671
=========
538
689; 0.029499
689; 0.021977
689; 0.021791
683; 0.021798
689; 0.021858
689; 0.022013
689; 0.0218
689; 0.021855
689; 0.021788
689; 0.022179

688.4 AVG ROUTE
0.0226558 AVG TIME
150.4 DIFF
0.279554
=========
55209
71825; 0.037492
71825; 0.029748
71825; 0.029714
71825; 0.029529
71825; 0.029534
71825; 0.029558
71825; 0.029539
71825; 0.029616
71825; 0.029622
71825; 0.029669

71825 AVG ROUTE
0.0304021 AVG TIME
16616 DIFF
0.300965
=========
1211
1462; 0.036413
1462; 0.030939
1462; 0.030758
1462; 0.030795
1462; 0.030764
1462; 0.030789
1462; 0.03069
1462; 0.031205
1462; 0.030704
1462; 0.030745

1462 AVG ROUTE
0.0313802 AVG TIME
251 DIFF
0.207267
=========
7910
10168; 0.036071
10168; 0.031283
10168; 0.031239
10168; 0.031191
10168; 0.031295
10168; 0.031442
10168; 0.031257
10168; 0.031234
10168; 0.031279
10168; 0.031232

10168 AVG ROUTE
0.0317523 AVG TIME
2258 DIFF
0.285461
=========
22068
27542; 0.0359
27542; 0.031423
27542; 0.031267
27542; 0.031268
27542; 0.031669
27542; 0.031373
27542; 0.031361
27542; 0.031661
27542; 0.031465
27542; 0.031291

27542 AVG ROUTE
0.0318678 AVG TIME
5474 DIFF
0.248051
=========
21294
26906; 0.038187
26906; 0.031753
26906; 0.03144
26906; 0.031318
26906; 0.031181
26906; 0.03124
26906; 0.031197
26906; 0.031162
26906; 0.031277
26906; 0.031293

26906 AVG ROUTE
0.0320048 AVG TIME
5612 DIFF
0.263548
=========
20749
26281; 0.038172
26281; 0.032037
26281; 0.031811
26281; 0.031802
26281; 0.031508
26281; 0.033309
26281; 0.032845
26281; 0.031603
26281; 0.031733
26281; 0.031635

26281 AVG ROUTE
0.0326455 AVG TIME
5532 DIFF
0.266615
=========
22141
29136; 0.037153
29136; 0.031215
29136; 0.031401
29136; 0.031317
29136; 0.031227
29136; 0.031531
29136; 0.031234
29136; 0.031483
29136; 0.031359
29136; 0.03124

29136 AVG ROUTE
0.031916 AVG TIME
6995 DIFF
0.31593
=========
21282
26991; 0.037159
26991; 0.032138
26991; 0.031437
26991; 0.031597
26991; 0.031396
26991; 0.031393
26991; 0.031655
26991; 0.031496
26991; 0.031439
26991; 0.031397

26991 AVG ROUTE
0.0321107 AVG TIME
5709 DIFF
0.268255
=========

47506; 0.037979
47506; 0.032023
47506; 0.031838
47506; 0.031765
47506; 0.032287
47506; 0.031762
47506; 0.031712
47506; 0.031852
47506; 0.031707
47506; 0.031681

47506 AVG ROUTE
0.0324606 AVG TIME
47506 DIFF
=========
629
725; 0.037583
725; 0.031898
725; 0.031836
725; 0.031908
725; 0.031822
725; 0.031805
725; 0.031893
725; 0.031821
725; 0.032043
725; 0.031877

725 AVG ROUTE
0.0324486 AVG TIME
96 DIFF
0.152623
=========
14379
20341; 0.036851
20341; 0.033708
20341; 0.033364
20341; 0.033433
20341; 0.033412
20341; 0.033303
20341; 0.033325
20341; 0.033674
20341; 0.034943
20341; 0.033335

20341 AVG ROUTE
0.0339348 AVG TIME
5962 DIFF
0.414632
=========
44303
48884; 0.038565
48884; 0.034362
48884; 0.03417
48884; 0.034141
48884; 0.034321
48884; 0.034151
48884; 0.034356
48884; 0.034144
48884; 0.034071
48884; 0.03443

48884 AVG ROUTE
0.0346711 AVG TIME
4581 DIFF
0.103402
=========
6942
8668; 0.04622
8668; 0.040462
8668; 0.040454
8668; 0.040442
8668; 0.040335
8668; 0.04038
8668; 0.040432
8668; 0.040405
8668; 0.040405
8668; 0.040424

8668 AVG ROUTE
0.0409959 AVG TIME
1726 DIFF
0.248632
=========
59030
69282; 0.04429
69282; 0.042189
69282; 0.043545
69282; 0.041774
69282; 0.041843
69282; 0.041793
69282; 0.041748
69282; 0.041784
69282; 0.04178
69282; 0.042049

69282 AVG ROUTE
0.0422795 AVG TIME
10252 DIFF
0.173674
=========
118282
129275; 0.049772
129275; 0.043506
129275; 0.043823
129275; 0.043376
129275; 0.043356
129275; 0.043348
129275; 0.043245
129275; 0.043367
129275; 0.043326
129275; 0.043421

129275 AVG ROUTE
0.044054 AVG TIME
10993 DIFF
0.0929389
=========
6110
7511; 0.047772
7511; 0.045304
7511; 0.046814
7511; 0.044928
7511; 0.045804
7511; 0.045123
7511; 0.045134
7511; 0.044915
7511; 0.044936
7511; 0.044938

7511 AVG ROUTE
0.0455668 AVG TIME
1401 DIFF
0.229296
=========
96772
118762; 0.052192
118762; 0.047777
118762; 0.048253
118762; 0.047597
118762; 0.047657
118762; 0.048019
118762; 0.047675
118762; 0.047622
118762; 0.047595
118762; 0.047572

118762 AVG ROUTE
0.0481959 AVG TIME
21990 DIFF
0.227235
=========
69853
93912; 0.054255
93912; 0.048674
93912; 0.05042
93912; 0.048727
93912; 0.048547
93912; 0.048692
93912; 0.048545
93912; 0.048564
93912; 0.048774
93912; 0.048611

93912 AVG ROUTE
0.0493809 AVG TIME
24059 DIFF
0.344423
=========
58537
61633; 0.056315
61633; 0.051667
61633; 0.051974
61633; 0.051728
61633; 0.053046
61633; 0.051537
61633; 0.05169
61633; 0.05165
61633; 0.051747
61633; 0.051641

61633 AVG ROUTE
0.0522995 AVG TIME
3096 DIFF
0.0528896
=========
6528
7778; 0.056528
7778; 0.054918
7778; 0.054913
7778; 0.054773
7778; 0.054842
7778; 0.0549
7778; 0.055018
7778; 0.05479
7778; 0.054925
7778; 0.054874

7778 AVG ROUTE
0.0550481 AVG TIME
1250 DIFF
0.191483
=========
26130
32760; 0.056221
32760; 0.054967
32760; 0.05491
32760; 0.054872
32760; 0.055031
32760; 0.054985
32760; 0.055029
32760; 0.054872
32760; 0.054813
32760; 0.055335

32760 AVG ROUTE
0.0551035 AVG TIME
6630 DIFF
0.253731
=========
26524
33564; 0.055858
33564; 0.054973
33564; 0.054937
33564; 0.054989
33564; 0.054908
33564; 0.055424
33564; 0.054954
33564; 0.054881
33564; 0.054943
33564; 0.055541

33564 AVG ROUTE
0.0551408 AVG TIME
7040 DIFF
0.26542
=========
73682
85640; 0.05836
85640; 0.056024
85640; 0.055893
85640; 0.056079
85640; 0.055828
85640; 0.056352
85640; 0.055961
85640; 0.05599
85640; 0.056246
85640; 0.05605

85640 AVG ROUTE
0.0562783 AVG TIME
11958 DIFF
0.162292
=========
42080
58441; 0.060556
58441; 0.059522
58441; 0.059582
58441; 0.059565
58441; 0.059828
58441; 0.059593
58441; 0.05962
58441; 0.059871
58441; 0.05964
58441; 0.059476

58441 AVG ROUTE
0.0597253 AVG TIME
16361 DIFF
0.388807
=========
2755
4119; 0.069824
4119; 0.066637
4119; 0.066639
4119; 0.066668
4119; 0.066458
4119; 0.066883
4119; 0.066648
4119; 0.066642
4119; 0.067002
4119; 0.069366

4119 AVG ROUTE
0.0672767 AVG TIME
1364 DIFF
0.4951
=========
21407
22320; 0.069942
22320; 0.068734
22320; 0.068581
22320; 0.068889
22320; 0.06871
22320; 0.068961
22315; 0.068781
22320; 0.068576
22320; 0.068558
22320; 0.068563

22319.5 AVG ROUTE
0.0688295 AVG TIME
912.5 DIFF
0.0426262
=========
1950
8890; 0.07443
8890; 0.073125
8890; 0.073094
8890; 0.072835
8890; 0.07298
8890; 0.072971
8890; 0.07339
8890; 0.073109
8890; 0.073165
8890; 0.072906

8890 AVG ROUTE
0.0732005 AVG TIME
6940 DIFF
3.55897
=========
2323
3001; 0.083406
3001; 0.08114
3001; 0.081438
3001; 0.081447
3001; 0.081751
3001; 0.081283
3001; 0.081258
3001; 0.081748
3001; 0.081475
3001; 0.081244

3001 AVG ROUTE
0.081619 AVG TIME
678 DIFF
0.291864
=========
15780
17879; 0.084574
17879; 0.083281
17879; 0.083269
17879; 0.083042
17879; 0.08335
17879; 0.082947
17879; 0.083433
17879; 0.083306
17879; 0.082833
17879; 0.083248

17879 AVG ROUTE
0.0833283 AVG TIME
2099 DIFF
0.133016
=========
29437
37330; 0.086041
37330; 0.084486
37330; 0.085074
37330; 0.084902
37330; 0.084678
37330; 0.084735
37330; 0.084423
37330; 0.084507
37330; 0.085052
37330; 0.084832

37330 AVG ROUTE
0.084873 AVG TIME
7893 DIFF
0.268132
=========
29368
36079; 0.087077
36079; 0.085199
36079; 0.085325
36079; 0.085042
36079; 0.085472
36079; 0.084895
36079; 0.085008
36079; 0.085229
36079; 0.085408
36079; 0.087363

36079 AVG ROUTE
0.0856018 AVG TIME
6711 DIFF
0.228514
=========
40160
49899; 0.087922
49899; 0.08564
49899; 0.085865
49899; 0.085927
49899; 0.085831
49899; 0.085828
49899; 0.085773
49899; 0.08619
49899; 0.085738
49899; 0.085651

49899 AVG ROUTE
0.0860365 AVG TIME
9739 DIFF
0.242505
=========
3916
4567; 0.103038
4567; 0.102199
4567; 0.104454
4567; 0.102156
4567; 0.102384
4567; 0.102537
4567; 0.10241
4567; 0.102163
4567; 0.102123
4567; 0.102028

4567 AVG ROUTE
0.102549 AVG TIME
651 DIFF
0.166241
=========
126643
146310; 0.10338
146310; 0.102549
146310; 0.102283
146310; 0.10248
146310; 0.10322
146310; 0.10243
146310; 0.104306
146310; 0.102798
146310; 0.103728
146310; 0.103352

146310 AVG ROUTE
0.103053 AVG TIME
19667 DIFF
0.155295
=========
80369
94359; 0.10374
94359; 0.103179
94359; 0.103448
94359; 0.103286
94359; 0.103837
94359; 0.103153
94359; 0.103277
94359; 0.103404
94359; 0.103473
94359; 0.103391

94359 AVG ROUTE
0.103419 AVG TIME
13990 DIFF
0.174072
=========
134602
162430; 0.106359
162430; 0.104834
162430; 0.10543
162430; 0.104832
162430; 0.105654
162430; 0.105132
162430; 0.10799
162430; 0.104811
162430; 0.104995
162430; 0.105224

162430 AVG ROUTE
0.105526 AVG TIME
27828 DIFF
0.206743
=========
2378
2861; 0.141718
2861; 0.141476
2861; 0.141856
2861; 0.141985
2861; 0.142154
2861; 0.141692
2861; 0.142282
2861; 0.141595
2861; 0.142051
2861; 0.141795

2861 AVG ROUTE
0.14186 AVG TIME
483 DIFF
0.203112
=========
